row data from a station, file collection server YPEKA (data center), one measurement = 1 row. Columns: XX=to be ignored,  9999.90 = no instrument or no data (=empty field)

+- fixed code -+ - station ID -+- year -+-day of year-+-time (hh-mm)-+- CO -+- NO -+- NO2 -+- NOX -+- SO2 -+- O3 -+- MP 2.5 -+-  XX  -+-  XX  -+-  XX  -+-  XX  -+-  XX  -+-  XX  -+-  XX  -+-  XX  -+-  XX  -+-  XX  -+-  XX  -+-  XX  -+-  XX  -+-  XX  -+-  XX  -+-  XX  -+

160,                  111,        2012,    341,            0100,      0.68,  40.14,  32.36,  72.50,  4.52,   15.67,  9999.90, 9999.90, 9999.90,  9999.90,  12.80,  50.59,   4.50,    221.70,   19.45,  220.10,  13.42,   2.00,    7.93,    0.41,    3.38,     3.66,    10.45

** start of data ******************************************************************************************************************************************************************************************************************************************************
160,111,2012,341,0100,9999.90,1.00,7.36,6.72,9999.90,68.11,10.32,21.96,12.93,2.10,12.04,9999.90,2.51,239.60,19.46,222.00,12.40
160,111,2012,341,0200,9999.90,1.00,7.39,6.78,9999.90,65.57,3.41,24.24,14.52,2.91,11.65,9999.90,2.11,222.10,19.26,221.70,12.41
160,111,2012,341,0300,9999.90,1.00,5.29,4.56,9999.90,67.48,3.75,26.60,5.77,5.14,11.56,9999.90,1.72,213.80,19.08,222.60,12.41
160,111,2012,341,0400,9999.90,1.00,5.97,5.18,9999.90,67.41,2.46,27.98,9.32,12.18,11.84,9999.90,1.56,203.00,18.93,223.90,12.40
160,111,2012,341,0500,9999.90,1.00,6.18,5.35,9999.90,64.97,4.09,30.69,13.74,24.20,11.82,9999.90,1.75,173.30,18.88,224.40,12.40
160,111,2012,341,0600,9999.90,1.00,8.03,7.51,9999.90,59.59,4.65,33.99,15.30,36.05,12.08,9999.90,1.52,162.70,18.91,223.60,12.40
160,111,2012,341,0700,9999.90,1.00,7.44,6.87,9999.90,64.61,3.65,35.60,9.32,45.83,12.28,9999.90,1.36,219.50,19.01,220.60,12.40
160,111,2012,341,0800,9999.90,1.00,12.20,11.88,9999.90,60.47,1.68,35.69,11.74,54.53,11.96,9999.90,1.72,248.80,19.18,220.50,12.40
160,111,2012,341,0900,9999.90,1.00,13.10,13.31,9999.90,52.98,8.14,42.39,10.95,65.15,11.29,9999.90,1.17,293.10,19.37,220.20,12.39
160,111,2012,341,1000,9999.90,6.16,24.45,30.61,9999.90,36.07,4.56,45.69,8.65,72.80,11.54,9999.90,1.17,229.20,19.66,219.80,12.38
160,111,2012,341,1100,9999.90,2.66,13.83,16.49,9999.90,58.88,6.21,52.59,28.68,98.10,12.88,9999.90,2.41,248.00,20.07,219.70,12.37
160,111,2012,341,1200,9999.90,1.33,10.57,11.89,9999.90,64.31,16.11,65.44,3.83,105.70,13.51,9999.90,3.04,258.20,21.03,219.70,12.35
160,111,2012,341,1300,9999.90,1.46,7.76,9.22,9999.90,69.17,8.00,74.20,10.82,120.00,14.31,9999.90,3.19,252.50,22.14,219.80,12.32
160,111,2012,341,1400,9999.90,1.45,7.59,9.03,9999.90,72.30,12.97,86.20,11.42,130.90,14.73,9999.90,3.15,248.40,23.16,220.80,12.32
160,111,2012,341,1500,9999.90,1.10,7.51,8.61,9999.90,72.30,11.47,95.70,9.93,135.60,14.71,9999.90,2.60,261.00,23.74,221.90,12.37
160,111,2012,341,1600,9999.90,1.00,8.59,9.47,9999.90,70.90,10.82,105.90,5.13,142.60,14.53,9999.90,2.24,255.60,23.65,220.20,12.37
160,111,2012,341,1700,9999.90,1.00,12.35,13.01,9999.90,60.79,1.57,103.90,8.01,148.90,13.10,9999.90,1.35,233.60,23.12,219.40,12.38
160,111,2012,341,1800,9999.90,1.16,23.45,24.61,9999.90,43.24,4.43,107.40,8.33,157.00,12.40,9999.90,1.65,178.00,22.44,219.40,12.40
160,111,2012,341,1900,9999.90,1.00,18.45,19.18,9999.90,48.84,1.86,107.30,10.12,163.40,12.42,9999.90,1.58,176.70,21.83,220.80,12.41
160,111,2012,341,2000,9999.90,1.82,25.01,26.83,9999.90,39.04,4.48,110.80,6.68,171.50,12.00,9999.90,1.64,189.30,21.24,220.20,12.42
160,111,2012,341,2100,9999.90,1.80,31.31,33.11,9999.90,28.73,10.76,119.10,21.78,192.10,11.21,9999.90,1.34,181.00,20.67,221.10,12.43
160,111,2012,341,2200,9999.90,1.00,22.19,22.83,9999.90,40.01,9.54,131.10,19.27,209.30,10.87,9999.90,1.65,179.50,20.11,221.30,12.44
160,111,2012,341,2300,9999.90,1.00,18.88,19.33,9999.90,43.15,7.97,136.70,14.13,223.10,10.65,9999.90,1.79,177.10,19.58,220.50,12.45
160,111,2012,341,2400,9999.90,1.00,16.85,16.74,9999.90,45.84,3.32,35.91,11.77,17.48,10.99,9999.90,1.71,205.90,19.27,221.30,12.46
160,111,2012,342,0100,9999.90,1.00,21.90,22.25,9999.90,34.98,11.06,6.64,6.42,3.64,10.36,9999.90,1.62,212.90,19.11,222.50,12.46
160,111,2012,342,0200,9999.90,1.00,16.10,15.92,9999.90,46.90,12.14,12.12,23.34,14.68,9.87,9999.90,1.99,220.40,18.87,222.10,12.47
160,111,2012,342,0300,9999.90,1.00,11.99,11.64,9999.90,49.66,3.47,13.44,4.45,19.09,9.40,9999.90,1.62,224.50,18.70,223.20,12.48
160,111,2012,342,0400,9999.90,1.00,8.57,7.95,9999.90,57.32,3.82,14.30,3.83,21.14,9.27,9999.90,1.69,224.40,18.47,224.00,12.49
160,111,2012,342,0500,9999.90,1.00,8.71,7.96,9999.90,59.26,1.89,14.58,5.27,25.71,9.01,9999.90,1.69,229.20,18.17,224.20,12.49
160,111,2012,342,0600,9999.90,1.00,9.46,8.83,9999.90,60.07,1.98,15.97,5.24,32.01,9.06,9999.90,1.80,222.20,17.96,223.00,12.48
160,111,2012,342,0700,9999.90,1.00,16.33,16.38,9999.90,46.51,2.25,14.45,5.97,34.69,8.80,9999.90,1.64,206.10,17.78,220.40,12.47
160,111,2012,342,0800,9999.90,2.91,24.33,27.24,9999.90,36.10,3.79,14.24,5.74,40.12,8.91,9999.90,1.88,200.50,17.51,220.00,12.45
160,111,2012,342,0900,9999.90,3.11,22.72,25.84,9999.90,38.78,2.12,15.10,5.93,42.57,9.16,9999.90,1.57,225.20,17.33,220.10,12.41
160,111,2012,342,1000,9999.90,6.75,25.10,31.85,9999.90,34.64,2.20,15.09,6.07,50.65,9.91,9999.90,1.08,202.60,17.25,221.00,12.37
160,111,2012,342,1100,9999.90,3.94,15.80,19.74,9999.90,52.38,5.22,18.17,16.03,65.54,12.41,9999.90,1.26,234.70,17.75,221.40,12.42
160,111,2012,342,1200,9999.90,1.00,6.62,7.37,9999.90,65.78,19.94,36.79,17.68,81.30,12.86,9999.90,2.18,286.80,19.44,222.60,12.40
160,111,2012,342,1300,9999.90,1.00,6.13,6.86,9999.90,66.69,19.59,55.74,16.46,96.30,13.02,9999.90,2.08,269.90,21.36,223.00,12.37
160,111,2012,342,1400,9999.90,1.03,6.44,7.46,9999.90,67.57,19.30,75.10,17.00,113.00,13.09,9999.90,1.66,284.90,22.85,220.30,12.34
160,111,2012,342,1500,9999.90,1.17,9.62,10.79,9999.90,60.79,19.69,93.40,20.95,131.80,12.53,9999.90,1.63,331.70,23.62,220.70,12.33
160,111,2012,342,1600,9999.90,2.04,13.20,15.24,9999.90,57.88,11.50,103.20,11.13,144.20,12.30,9999.90,1.53,350.50,23.53,220.10,12.33
160,111,2012,342,1700,9999.90,1.00,11.44,12.07,9999.90,56.23,5.78,109.10,14.98,155.40,11.22,9999.90,0.99,51.61,22.79,219.60,12.34
160,111,2012,342,1800,9999.90,3.72,29.02,32.74,9999.90,29.29,7.84,115.60,8.86,166.10,10.12,9999.90,1.52,125.90,21.73,220.40,12.36
160,111,2012,342,1900,9999.90,1.21,15.84,17.04,9999.90,47.63,3.16,115.30,14.22,177.60,9.59,9999.90,2.11,138.00,20.55,220.10,12.38
160,111,2012,342,2000,9999.90,1.00,14.63,14.79,9999.90,53.00,2.02,111.50,4.24,175.30,10.25,9999.90,1.94,154.40,19.51,219.90,12.41
160,111,2012,342,2100,9999.90,1.00,10.04,9.73,9999.90,60.17,1.31,108.20,1.76,180.40,10.44,9999.90,2.16,155.00,18.86,220.80,12.42
160,111,2012,342,2200,9999.90,1.00,8.86,8.54,9999.90,60.07,4.59,112.30,9.97,192.80,9.96,9999.90,2.54,141.60,18.47,220.60,12.43
160,111,2012,342,2300,9999.90,1.00,9.36,8.88,9999.90,58.60,4.35,114.80,9.24,198.10,10.07,9999.90,1.85,163.90,18.15,221.80,12.43
160,111,2012,342,2400,9999.90,1.00,8.70,8.09,9999.90,59.84,4.84,30.63,9.73,15.77,9.97,9999.90,1.89,186.20,17.87,221.30,12.43
